full_name
Emily Rose Chen
